MY_MMult_O0 = [
16 2.824828e-01 0.000000e+00 
32 2.824828e-01 0.000000e+00 
48 1.987278e-01 0.000000e+00 
64 2.378802e-01 0.000000e+00 
80 2.663892e-01 0.000000e+00 
96 3.410044e-01 0.000000e+00 
112 3.731053e-01 0.000000e+00 
128 4.529486e-01 0.000000e+00 
144 4.991198e-01 0.000000e+00 
160 5.524310e-01 0.000000e+00 
176 5.628802e-01 0.000000e+00 
192 5.339183e-01 0.000000e+00 
208 5.715409e-01 0.000000e+00 
224 5.575111e-01 0.000000e+00 
240 5.757841e-01 0.000000e+00 
256 5.675072e-01 0.000000e+00 
272 5.756028e-01 0.000000e+00 
288 5.694843e-01 0.000000e+00 
304 5.663122e-01 0.000000e+00 
320 5.620631e-01 0.000000e+00 
336 5.791616e-01 0.000000e+00 
352 5.683448e-01 0.000000e+00 
368 5.693497e-01 0.000000e+00 
384 5.602892e-01 0.000000e+00 
400 5.639313e-01 0.000000e+00 
416 5.635503e-01 0.000000e+00 
432 5.703442e-01 0.000000e+00 
448 5.485907e-01 0.000000e+00 
464 5.536994e-01 0.000000e+00 
480 5.574222e-01 0.000000e+00 
496 5.535986e-01 0.000000e+00 
512 5.365393e-01 0.000000e+00 
528 5.580775e-01 0.000000e+00 
544 5.484441e-01 0.000000e+00 
560 5.537701e-01 0.000000e+00 
576 5.411528e-01 0.000000e+00 
592 5.522041e-01 0.000000e+00 
608 5.423308e-01 0.000000e+00 
624 5.521194e-01 0.000000e+00 
640 5.367382e-01 0.000000e+00 
656 5.538093e-01 0.000000e+00 
672 5.347594e-01 0.000000e+00 
688 5.475332e-01 0.000000e+00 
704 5.214009e-01 0.000000e+00 
720 5.377446e-01 0.000000e+00 
736 5.284552e-01 0.000000e+00 
752 5.404943e-01 0.000000e+00 
768 5.234096e-01 0.000000e+00 
784 5.375786e-01 0.000000e+00 
800 5.262901e-01 0.000000e+00 
816 5.253924e-01 0.000000e+00 
832 5.203493e-01 0.000000e+00 
848 5.262215e-01 0.000000e+00 
864 5.125511e-01 0.000000e+00 
880 5.264106e-01 0.000000e+00 
896 5.178904e-01 0.000000e+00 
912 5.271122e-01 0.000000e+00 
928 5.119470e-01 0.000000e+00 
944 5.241774e-01 0.000000e+00 
960 5.152768e-01 0.000000e+00 
976 5.203217e-01 0.000000e+00 
992 5.089985e-01 0.000000e+00 
1008 5.209603e-01 0.000000e+00 
1024 4.975218e-01 0.000000e+00 
];


MY_MMult_O1 = [
16 6.826667e-01 0.000000e+00 
32 4.681143e-01 0.000000e+00 
48 3.573247e-01 0.000000e+00 
64 3.838126e-01 0.000000e+00 
80 3.722283e-01 0.000000e+00 
96 4.202023e-01 0.000000e+00 
112 4.576313e-01 0.000000e+00 
128 5.143230e-01 0.000000e+00 
144 5.752233e-01 0.000000e+00 
160 6.185442e-01 0.000000e+00 
176 6.590240e-01 0.000000e+00 
192 6.520394e-01 0.000000e+00 
208 6.766354e-01 0.000000e+00 
224 6.417211e-01 0.000000e+00 
240 6.592903e-01 0.000000e+00 
256 6.488713e-01 0.000000e+00 
272 6.554614e-01 0.000000e+00 
288 6.502401e-01 0.000000e+00 
304 6.456642e-01 0.000000e+00 
320 6.531328e-01 0.000000e+00 
336 6.465935e-01 0.000000e+00 
352 6.443275e-01 0.000000e+00 
368 6.251501e-01 0.000000e+00 
384 6.327488e-01 0.000000e+00 
400 6.395140e-01 0.000000e+00 
416 6.355949e-01 0.000000e+00 
432 6.331454e-01 0.000000e+00 
448 6.243322e-01 0.000000e+00 
464 6.312170e-01 0.000000e+00 
480 6.252074e-01 0.000000e+00 
496 6.317966e-01 0.000000e+00 
512 5.995061e-01 0.000000e+00 
528 6.310196e-01 0.000000e+00 
544 6.230268e-01 0.000000e+00 
560 6.286088e-01 0.000000e+00 
576 6.197790e-01 0.000000e+00 
592 6.206930e-01 0.000000e+00 
608 6.172903e-01 0.000000e+00 
624 6.207779e-01 0.000000e+00 
640 6.184983e-01 0.000000e+00 
656 6.183510e-01 0.000000e+00 
672 6.186013e-01 0.000000e+00 
688 6.200362e-01 0.000000e+00 
704 6.180074e-01 0.000000e+00 
720 6.194165e-01 0.000000e+00 
736 6.177665e-01 0.000000e+00 
752 6.130067e-01 0.000000e+00 
768 6.079827e-01 0.000000e+00 
784 6.157741e-01 0.000000e+00 
800 6.154297e-01 0.000000e+00 
816 6.131323e-01 0.000000e+00 
832 6.119104e-01 0.000000e+00 
848 6.128870e-01 0.000000e+00 
864 6.114602e-01 0.000000e+00 
880 6.139675e-01 0.000000e+00 
896 6.109848e-01 0.000000e+00 
912 6.122051e-01 0.000000e+00 
928 6.102625e-01 0.000000e+00 
944 6.093216e-01 0.000000e+00 
960 6.088717e-01 0.000000e+00 
976 6.102942e-01 0.000000e+00 
992 6.104449e-01 0.000000e+00 
1008 6.030707e-01 0.000000e+00 
1024 5.873805e-01 0.000000e+00 
];


MY_MMult_O2 = [
16 1.638400e+00 0.000000e+00 
32 1.598439e+00 0.000000e+00 
48 1.164126e+00 0.000000e+00 
64 1.044398e+00 0.000000e+00 
80 1.241212e+00 0.000000e+00 
96 1.230509e+00 0.000000e+00 
112 1.300257e+00 0.000000e+00 
128 1.312360e+00 0.000000e+00 
144 1.466233e+00 0.000000e+00 
160 1.602817e+00 0.000000e+00 
176 1.753829e+00 0.000000e+00 
192 1.887185e+00 0.000000e+00 
208 2.013179e+00 0.000000e+00 
224 2.193700e+00 0.000000e+00 
240 2.198473e+00 0.000000e+00 
256 2.101486e+00 0.000000e+00 
272 2.113274e+00 0.000000e+00 
288 2.089928e+00 0.000000e+00 
304 2.003813e+00 0.000000e+00 
320 1.993612e+00 0.000000e+00 
336 2.021479e+00 0.000000e+00 
352 2.043586e+00 0.000000e+00 
368 1.977660e+00 0.000000e+00 
384 1.982463e+00 0.000000e+00 
400 2.023683e+00 0.000000e+00 
416 2.004491e+00 0.000000e+00 
432 1.984946e+00 0.000000e+00 
448 1.926538e+00 0.000000e+00 
464 1.999306e+00 0.000000e+00 
480 1.959757e+00 0.000000e+00 
496 1.984629e+00 0.000000e+00 
512 1.696317e+00 0.000000e+00 
528 1.958657e+00 0.000000e+00 
544 1.911112e+00 0.000000e+00 
560 1.937223e+00 0.000000e+00 
576 1.920826e+00 0.000000e+00 
592 1.922406e+00 0.000000e+00 
608 1.855415e+00 0.000000e+00 
624 1.938778e+00 0.000000e+00 
640 1.875149e+00 0.000000e+00 
656 1.930009e+00 0.000000e+00 
672 1.881699e+00 0.000000e+00 
688 1.912439e+00 0.000000e+00 
704 1.849495e+00 0.000000e+00 
720 1.882234e+00 0.000000e+00 
736 1.836977e+00 0.000000e+00 
752 1.869517e+00 0.000000e+00 
768 1.836352e+00 0.000000e+00 
784 1.871891e+00 0.000000e+00 
800 1.819435e+00 0.000000e+00 
816 1.863697e+00 0.000000e+00 
832 1.781797e+00 0.000000e+00 
848 1.798372e+00 0.000000e+00 
864 1.805051e+00 0.000000e+00 
880 1.828248e+00 0.000000e+00 
896 1.795269e+00 0.000000e+00 
912 1.851930e+00 0.000000e+00 
928 1.796256e+00 0.000000e+00 
944 1.835079e+00 0.000000e+00 
960 1.780037e+00 0.000000e+00 
976 1.827285e+00 0.000000e+00 
992 1.778099e+00 0.000000e+00 
1008 1.793687e+00 0.000000e+00 
1024 1.382690e+00 0.000000e+00 
];


MY_MMult_O3 = [
16 2.048000e+00 0.000000e+00 
32 1.985939e+00 0.000000e+00 
48 1.688427e+00 0.000000e+00 
64 1.340890e+00 0.000000e+00 
80 9.884170e-01 0.000000e+00 
96 1.418983e+00 0.000000e+00 
112 1.333581e+00 0.000000e+00 
128 1.444320e+00 0.000000e+00 
144 1.446347e+00 0.000000e+00 
160 1.611647e+00 0.000000e+00 
176 1.779300e+00 0.000000e+00 
192 1.789831e+00 0.000000e+00 
208 2.063734e+00 0.000000e+00 
224 2.135352e+00 0.000000e+00 
240 2.135310e+00 0.000000e+00 
256 2.085033e+00 0.000000e+00 
272 2.117833e+00 0.000000e+00 
288 2.090751e+00 0.000000e+00 
304 2.022203e+00 0.000000e+00 
320 1.934185e+00 0.000000e+00 
336 2.011777e+00 0.000000e+00 
352 2.035431e+00 0.000000e+00 
368 1.980095e+00 0.000000e+00 
384 1.966524e+00 0.000000e+00 
400 2.008536e+00 0.000000e+00 
416 1.998648e+00 0.000000e+00 
432 1.952002e+00 0.000000e+00 
448 1.953196e+00 0.000000e+00 
464 1.969740e+00 0.000000e+00 
480 1.942579e+00 0.000000e+00 
496 1.979976e+00 0.000000e+00 
512 1.717284e+00 0.000000e+00 
528 1.952176e+00 0.000000e+00 
544 1.876911e+00 0.000000e+00 
560 1.952124e+00 0.000000e+00 
576 1.843351e+00 0.000000e+00 
592 1.941420e+00 0.000000e+00 
608 1.854198e+00 0.000000e+00 
624 1.928178e+00 0.000000e+00 
640 1.858808e+00 0.000000e+00 
656 1.904180e+00 0.000000e+00 
672 1.820324e+00 0.000000e+00 
688 1.901169e+00 0.000000e+00 
704 1.812313e+00 0.000000e+00 
720 1.862766e+00 0.000000e+00 
736 1.805404e+00 0.000000e+00 
752 1.869316e+00 0.000000e+00 
768 1.704896e+00 0.000000e+00 
784 1.875972e+00 0.000000e+00 
800 1.773108e+00 0.000000e+00 
816 1.854996e+00 0.000000e+00 
832 1.773540e+00 0.000000e+00 
848 1.846769e+00 0.000000e+00 
864 1.774123e+00 0.000000e+00 
880 1.834901e+00 0.000000e+00 
896 1.761290e+00 0.000000e+00 
912 1.830587e+00 0.000000e+00 
928 1.761769e+00 0.000000e+00 
944 1.792379e+00 0.000000e+00 
960 1.722560e+00 0.000000e+00 
976 1.784974e+00 0.000000e+00 
992 1.744459e+00 0.000000e+00 
1008 1.780683e+00 0.000000e+00 
1024 1.346823e+00 0.000000e+00 
];

Blas_O0 = [
16 1.575385e-01 1.332268e-15 
32 1.638400e+01 2.664535e-15 
48 2.764800e+01 3.552714e-15 
64 2.912711e+01 4.440892e-15 
80 2.509189e-01 6.217249e-15 
96 2.999105e+01 7.105427e-15 
112 4.257358e+01 8.881784e-15 
128 4.712701e+01 1.065814e-14 
144 4.935511e+01 1.421085e-14 
160 7.953398e+01 1.598721e-14 
176 5.958225e+01 1.776357e-14 
192 6.434444e+01 2.131628e-14 
208 7.825141e+01 2.131628e-14 
224 7.999590e+01 2.842171e-14 
240 1.105920e+02 2.842171e-14 
256 7.557305e+01 2.309264e-14 
272 4.374706e+01 2.842171e-14 
288 7.305160e+01 3.197442e-14 
304 7.718259e+01 3.197442e-14 
320 1.000550e+02 3.907985e-14 
336 9.701549e+01 3.907985e-14 
352 3.854548e+01 3.552714e-14 
368 9.211836e+01 4.618528e-14 
384 1.040866e+02 4.973799e-14 
400 1.066667e+02 5.329071e-14 
416 9.814764e+01 5.684342e-14 
432 8.763214e+01 4.973799e-14 
448 1.179992e+02 4.973799e-14 
464 1.169074e+02 5.684342e-14 
480 7.763566e+01 6.039613e-14 
496 1.247689e+02 6.039613e-14 
512 1.202668e+02 6.039613e-14 
528 1.282771e+02 6.394885e-14 
544 1.278199e+02 9.237056e-14 
560 1.176263e+02 6.394885e-14 
576 1.408795e+02 7.105427e-14 
592 4.911225e+01 6.394885e-14 
608 1.356401e+02 8.704149e-14 
624 1.217288e+02 7.815970e-14 
640 1.459599e+02 8.171241e-14 
656 1.444731e+02 7.815970e-14 
672 1.395560e+02 8.526513e-14 
688 1.332763e+02 8.171241e-14 
704 1.468183e+02 8.171241e-14 
720 1.420274e+02 8.526513e-14 
736 1.234711e+02 8.526513e-14 
752 1.356272e+02 9.947598e-14 
768 1.543390e+02 9.237056e-14 
784 1.093466e+02 9.947598e-14 
800 1.583913e+02 1.136868e-13 
816 1.392818e+02 1.101341e-13 
832 1.394336e+02 1.563194e-13 
848 1.283520e+02 1.101341e-13 
864 1.430729e+02 1.136868e-13 
880 1.541443e+02 1.101341e-13 
896 1.467707e+02 1.136868e-13 
912 1.378932e+02 1.136868e-13 
928 1.534816e+02 1.278977e-13 
944 1.414074e+02 1.350031e-13 
960 1.400342e+02 1.278977e-13 
976 1.592385e+02 1.421085e-13 
992 1.665429e+02 1.421085e-13 
1008 1.344526e+02 1.492140e-13 
1024 1.593207e+02 1.278977e-13 
];

Blas_O1 = [
16 4.995122e-02 1.332268e-15 
32 4.096000e+00 2.664535e-15 
48 1.005382e+01 2.664535e-15 
64 2.496610e+01 4.440892e-15 
80 6.320988e+00 5.329071e-15 
96 3.846678e+01 5.329071e-15 
112 4.460089e+01 7.105427e-15 
128 4.559026e+01 1.243450e-14 
144 5.633932e+01 1.421085e-14 
160 9.102222e+01 1.598721e-14 
176 5.143185e+01 1.598721e-14 
192 7.372800e+01 2.131628e-14 
208 8.694601e+01 2.131628e-14 
224 4.654006e+01 2.842171e-14 
240 4.360883e+01 2.486900e-14 
256 9.294857e+01 2.309264e-14 
272 9.403574e+01 2.842171e-14 
288 8.639375e+01 3.197442e-14 
304 9.121579e+01 3.907985e-14 
320 1.345708e+02 3.197442e-14 
336 7.853635e+01 3.907985e-14 
352 1.253282e+02 3.552714e-14 
368 1.222970e+02 4.618528e-14 
384 1.279618e+02 4.973799e-14 
400 7.960199e+01 5.329071e-14 
416 1.119616e+02 5.684342e-14 
432 1.193510e+02 4.973799e-14 
448 8.592011e+01 5.329071e-14 
464 3.137479e+01 6.039613e-14 
480 1.387604e+02 6.394885e-14 
496 1.232565e+02 6.039613e-14 
512 1.249700e+02 5.329071e-14 
528 1.304946e+02 6.750156e-14 
544 1.188551e+02 1.136868e-13 
560 2.492244e+01 6.039613e-14 
576 1.299136e+02 7.815970e-14 
592 1.223678e+02 6.394885e-14 
608 1.057425e+02 8.526513e-14 
624 1.265472e+02 7.460699e-14 
640 1.473961e+02 8.526513e-14 
656 1.348462e+02 8.171241e-14 
672 1.308036e+02 7.815970e-14 
688 1.125880e+02 7.460699e-14 
704 1.255763e+02 8.526513e-14 
720 1.458000e+02 7.815970e-14 
736 1.446095e+02 8.526513e-14 
752 1.441800e+02 9.237056e-14 
768 1.211837e+02 9.947598e-14 
784 1.478645e+02 1.012523e-13 
800 1.492494e+02 1.136868e-13 
816 1.573754e+02 1.136868e-13 
832 1.646221e+02 1.563194e-13 
848 1.367112e+02 1.101341e-13 
864 1.599039e+02 9.947598e-14 
880 1.534847e+02 1.065814e-13 
896 1.427512e+02 1.136868e-13 
912 1.279390e+02 1.207923e-13 
928 1.093118e+02 1.243450e-13 
944 1.608321e+02 1.421085e-13 
960 1.448369e+02 1.350031e-13 
976 1.233943e+02 1.421085e-13 
992 1.443857e+02 1.421085e-13 
1008 1.645950e+02 1.350031e-13 
1024 1.452180e+02 1.278977e-13 
];

Blas_O3 = [
16 2.048000e-01 1.332268e-15 
32 8.192000e+00 2.664535e-15 
48 3.159771e+01 2.664535e-15 
64 2.912711e+01 4.440892e-15 
80 1.969231e+01 5.329071e-15 
96 3.686400e+01 5.329071e-15 
112 4.606321e+01 7.105427e-15 
128 5.991863e+01 1.243450e-14 
144 4.524218e+01 1.421085e-14 
160 9.637647e+01 1.598721e-14 
176 6.608213e+01 1.598721e-14 
192 3.987543e+01 2.131628e-14 
208 7.724388e+01 2.131628e-14 
224 8.115108e+01 2.842171e-14 
240 1.020221e+02 2.486900e-14 
256 8.971773e+01 2.309264e-14 
272 9.816414e+01 2.842171e-14 
288 7.559453e+01 3.197442e-14 
304 7.094562e+01 3.907985e-14 
320 1.310720e+02 3.197442e-14 
336 1.251916e+02 3.907985e-14 
352 1.262350e+02 3.552714e-14 
368 1.044781e+02 4.618528e-14 
384 1.183346e+02 4.973799e-14 
400 1.322314e+02 5.329071e-14 
416 1.111835e+02 5.684342e-14 
432 1.204206e+02 4.973799e-14 
448 6.213918e+01 5.329071e-14 
464 1.167025e+02 6.039613e-14 
480 1.306462e+02 6.394885e-14 
496 1.318465e+02 6.039613e-14 
512 9.412183e+01 5.329071e-14 
528 1.242701e+02 6.750156e-14 
544 1.264644e+02 1.136868e-13 
560 1.111494e+02 6.039613e-14 
576 1.352463e+02 7.815970e-14 
592 1.400909e+02 6.394885e-14 
608 1.138869e+02 8.526513e-14 
624 1.301745e+02 7.460699e-14 
640 1.427411e+02 8.526513e-14 
656 1.204096e+02 8.171241e-14 
672 1.404278e+02 7.815970e-14 
688 1.396487e+02 7.460699e-14 
704 1.340429e+02 8.526513e-14 
720 1.520049e+02 7.815970e-14 
736 1.238355e+02 8.526513e-14 
752 1.465147e+02 9.237056e-14 
768 9.438167e+01 9.947598e-14 
784 1.583603e+02 1.012523e-13 
800 1.224295e+02 1.136868e-13 
816 1.461373e+02 1.136868e-13 
832 1.492048e+02 1.563194e-13 
848 1.387486e+02 1.101341e-13 
864 1.490921e+02 9.947598e-14 
880 1.574566e+02 1.065814e-13 
896 1.498902e+02 1.136868e-13 
912 1.767153e+02 1.207923e-13 
928 1.551201e+02 1.243450e-13 
944 1.433837e+02 1.421085e-13 
960 1.429761e+02 1.350031e-13 
976 1.661094e+02 1.421085e-13 
992 1.588466e+02 1.421085e-13 
1008 1.619917e+02 1.350031e-13 
1024 1.638550e+02 1.278977e-13 
];

Blas_O1 = [
16 1.437193e-01 1.332268e-15 
32 1.310720e+01 2.664535e-15 
48 2.457600e+01 3.552714e-15 
64 2.759411e+01 4.440892e-15 
80 8.554720e-01 6.217249e-15 
96 3.764834e+01 7.105427e-15 
112 4.257358e+01 8.881784e-15 
128 4.934475e+01 1.065814e-14 
144 5.060990e+01 1.421085e-14 
160 8.808602e+01 1.598721e-14 
176 6.451806e+01 1.776357e-14 
192 8.135503e+01 2.131628e-14 
208 7.562111e+01 2.131628e-14 
224 7.346029e+01 2.842171e-14 
240 9.468493e+01 2.842171e-14 
256 7.506584e+01 2.309264e-14 
272 6.652446e+01 2.842171e-14 
288 8.623781e+01 3.197442e-14 
304 6.292153e+01 3.197442e-14 
320 9.322333e+01 3.907985e-14 
336 7.526400e+01 3.907985e-14 
352 9.309329e+01 3.552714e-14 
368 9.907760e+01 4.618528e-14 
384 1.021156e+02 4.973799e-14 
400 1.090290e+02 5.329071e-14 
416 8.308286e+01 5.684342e-14 
432 1.094658e+02 4.973799e-14 
448 1.005203e+02 4.973799e-14 
464 1.144299e+02 5.684342e-14 
480 1.334041e+02 6.039613e-14 
496 5.121676e+01 6.039613e-14 
512 1.112916e+02 6.039613e-14 
528 1.174296e+02 6.394885e-14 
544 1.312055e+02 9.237056e-14 
560 8.102238e+01 6.394885e-14 
576 7.597018e+01 7.105427e-14 
592 1.277160e+02 6.394885e-14 
608 1.206095e+02 8.704149e-14 
624 1.297920e+02 7.815970e-14 
640 1.409376e+02 8.171241e-14 
656 9.062614e+01 7.815970e-14 
672 1.216534e+02 8.526513e-14 
688 1.294359e+02 8.171241e-14 
704 8.512166e+01 8.171241e-14 
720 1.364709e+02 8.526513e-14 
736 1.475803e+02 8.526513e-14 
752 1.393606e+02 9.947598e-14 
768 9.134600e+01 9.237056e-14 
784 7.842628e+01 9.947598e-14 
800 1.586613e+02 1.136868e-13 
816 1.441790e+02 1.101341e-13 
832 1.459530e+02 1.563194e-13 
848 1.256413e+02 1.101341e-13 
864 1.538029e+02 1.136868e-13 
880 1.345586e+02 1.101341e-13 
896 1.529498e+02 1.136868e-13 
912 1.657853e+02 1.136868e-13 
928 1.459421e+02 1.278977e-13 
944 1.299602e+02 1.350031e-13 
960 1.520557e+02 1.278977e-13 
976 1.435630e+02 1.421085e-13 
992 1.491052e+02 1.421085e-13 
1008 1.421305e+02 1.492140e-13 
1024 1.312322e+02 1.278977e-13 
];

